::scatterplot1 All reported data
570.2 4.3
294.6 2.7
384.9 4.1
1389.2 3.1
127.6 6.8
738.6 2.0
1897.1 1.0
383.5 2.0
85.0 6.4
464.1 1.0
550.5 2.0
195.1 4.5
123.1 4.1
87.7 7.2
122.2 7.5
1578.7 1.0
138.5 6.1
235.2 4.3
114.7 5.3
401.9 1.0
129.7 3.4
2073.5 1.0
816.1 1.0
515.3 2.0
602.3 3.7
52.1 7.8
1264.1 3.8
228.9 2.2
113.6 6.9
246.7 3.5
122.5 6.7
123.2 6.9
469.3 2.0
151.1 4.9
92.5 7.4
935.6 1.0
1124.3 2.0
151.9 4.8
398.7 3.8
188.1 6.1
83.5 7.8
65.1 8.7
266.1 2.0
309.9 3.6
68.0 9.1
261.7 4.5
153.7 5.9
662.0 3.1
358.5 3.1
760.5 2.0
882.0 1.0
174.5 3.4
108.7 7.3
59.0 8.1
335.9 4.1
631.2 2.0
1185.9 3.4
345.8 3.3
976.8 1.0
144.0 2.7
167.1 4.5
1557.2 1.0
937.9 2.0
146.8 4.9
1237.2 2.0
257.2 4.1
251.6 5.0
130.8 2.0
169.8 4.2
193.5 4.6
156.0 5.3
181.1 3.4
191.5 4.3
189.4 3.4
394.4 4.5
565.9 2.0
314.0 3.8
813.7 2.0
154.6 5.7
304.4 2.0
1697.8 1.0
319.4 2.5
438.0 2.0
2036.7 1.0
544.0 2.0
134.5 7.2
160.3 6.0
311.8 3.1
266.6 3.7
160.8 4.1
86.0 2.0
182.7 2.6
320.1 4.7
254.5 4.3
383.1 3.4
162.9 3.6
75.3 4.7
322.9 3.8
139.8 4.9
1604.4 1.0
140.5 5.8
143.0 6.9
569.7 2.0
474.7 2.0
556.7 2.0
1114.4 4.6
180.8 3.4
121.5 5.6
820.8 1.0
183.8 3.4
360.2 1.0
277.3 2.0
559.4 2.2
538.4 2.2
318.3 2.0
100.2 7.1
77.4 6.8
1966.6 1.0
82.8 6.8
203.9 4.9
412.1 2.0
164.1 3.1
153.7 6.8
103.3 4.8
148.1 5.9
311.0 2.0
120.4 6.9
149.4 6.4
1044.6 1.0
68.4 5.6
1894.3 1.0
2139.1 1.0
479.9 3.1
78.7 7.6
955.6 2.5
292.5 1.0
90.8 6.0
157.1 2.0
126.4 6.7
125.5 3.8
706.2 2.0
89.8 6.3
652.6 3.9
356.1 2.0
337.1 3.4
96.7 7.3
128.6 2.0
312.4 2.0
255.4 2.0
1159.8 2.0
2067.5 1.0
62.4 7.2
495.2 2.7
1262.1 3.2
1619.5 2.0
172.4 2.0
234.1 2.0
133.3 6.5
89.3 8.6
339.2 2.0
1010.9 1.0
1964.7 2.0
184.0 4.1
165.7 4.1
206.6 4.3
1296.7 1.0
433.0 3.8
547.3 2.7
61.5 7.7
442.9 3.6
114.9 7.0
431.6 6.2
51.2 8.8
967.1 1.0
191.7 5.3
1724.0 1.0
430.7 3.9
616.8 2.7
452.0 1.0
517.2 2.0
601.1 2.0
256.5 3.1
748.0 2.2
96.2 6.2
295.1 5.3
341.7 3.8
1611.5 2.0
361.8 2.0
162.5 5.5
134.7 4.3
369.6 1.0
222.5 6.1
493.9 2.5
198.4 4.0
541.8 2.0
461.0 2.0
90.9 7.9
422.0 2.0
331.9 3.8
147.1 7.0
111.6 3.3
207.3 4.3
226.8 4.5
808.7 1.0
153.7 6.8
135.2 6.4
286.6 2.2
396.6 3.2
333.3 2.0
134.1 4.1
2097.4 1.0
318.9 3.9
84.7 5.7
616.0 3.8
90.2 4.8
104.1 6.8
193.8 3.1
360.9 2.7
243.6 3.6
132.9 6.3
114.2 4.7
1256.7 1.0
82.1 5.0
1235.3 1.0
78.1 6.4
1660.6 1.0
214.5 5.2
355.7 2.0
172.2 2.0
964.4 2.5
573.7 2.0
122.6 6.2
95.3 2.0
264.0 4.3
203.4 2.7
265.4 4.1
558.2 2.8
391.8 3.1
118.0 7.1
110.1 6.8
633.4 2.0
327.1 2.0
139.5 6.1
1957.9 2.0
843.3 1.0
349.5 2.7
74.3 6.6
818.4 1.0
581.3 3.4
97.3 7.9
591.2 2.5
130.3 6.7
132.2 3.4
1223.8 1.0
103.9 7.3
141.6 5.9
128.4 7.5
389.7 1.0
364.7 2.2
557.6 3.1
161.3 5.3
483.1 2.0
440.5 3.4
751.9 2.0
182.0 3.4
1981.4 2.0
333.1 5.3
57.8 7.6
568.1 3.1
992.0 4.9
80.7 6.8
346.6 3.2
174.5 4.8
1307.5 1.0
70.7 5.9
2003.6 2.0
257.9 4.9
806.4 1.0
405.1 4.1
67.6 7.3
126.1 7.1
560.6 2.7
1542.5 1.0
657.4 2.0
1674.3 1.0
193.5 2.0
