::estimated1 Atkinson-Wald 2007 Cent/EUS
54.8 7.58336198129648
60.28 7.42644074068087
66.31 7.26623892650666
72.94 7.10308659273641
80.23 6.96203681786816
88.25 6.88511063447587
97.08 6.8060284970817
106.79 6.72479301289398
117.47 6.64126568133348
129.22 6.55527648827091
142.14 6.46669752560435
156.35 6.37530269883135
171.99 6.28079254128585
189.19 6.18297797174418
208.11 6.08153783906925
228.92 5.97614811219168
251.81 5.86643157061185
276.99 5.75196614444241
304.69 5.63229037663553
335.16 5.50690669156269
368.68 5.37524461727983
405.55 5.23670616069441
446.11 5.09059336979166
490.72 4.93618761967961
539.79 4.77264677456463
593.77 4.59904935695392
653.15 4.41439797858324
718.47 4.21759136649209
790.32 4.00742902585392
869.35 3.78258581963401
956.29 3.54156185651358
1051.92 3.28277174269393
1157.11 3.00443705517744
1272.82 2.70459392793407
1400.10 2.3810978787108
1540.11 2.03157705743748
1694.12 1.65343740967657
1863.53 1.24381767860634
2049.88 0.79957039830305
2254.87 0.317219252889329
::estimated2 Atkinson-Wald 2007 Calif.
54.8 5.96403394426429
60.28 5.82560252686193
66.31 5.68540636199674
72.94 5.54372644401073
80.23 5.40069050144356
88.25 5.25632696497903
97.08 5.11060625234306
106.79 4.96376058893077
117.47 4.81578537834293
129.22 4.66665009320104
142.14 4.51642523791984
156.35 4.36504166494527
171.99 4.21234677677574
189.19 4.05840230213708
208.11 3.90309146288195
228.92 3.74633273543797
251.81 3.58800480422048
276.99 3.42796511161861
304.69 3.26606190291325
335.16 3.10214134261764
368.68 2.93600337338527
405.55 2.76746486913855
446.11 2.59627416842544
490.72 2.42221170035846
539.79 2.24497506002301
593.77 2.06423949974211
653.15 1.87966557973586
718.47 1.6908750538452
790.32 1.49746132428743
869.35 1.29897110613249
956.29 1.09486945649161
1051.92 0.884623876043069
1157.11 0.6676179564799
1272.82 0.443168449903697
1400.10 0.210536121407428
1540.11 -0.031101631627914
1694.12 -0.282639163749598
1863.53 -0.545066007314693
2049.88 -0.81947072402572
2254.87 -1.10705901833781
